[65, 65, 15]
22222222222222222222222222222222222222222222222222222222222222222
10002020000000002000200000200020000000000000000000002000000000002
20202020222022202022202220222020222222222222222222202022222222202
20202020002020000020002000200020000000002000002000002020200000202
20202022202020222220222022202222202222202022202022222020202220202
20200020202020200000202020000000002000200020002020000000200020002
20222020202020202222202022202222222020222222222020222222222022202
20200000202020202000002000200000002020000000002020000020000020002
20222222202020202020222220202222202022222222202022222020222222202
20200000002020202020200000202000202020000020002000002020000000202
20202222222022202220202220222020222022202220222022222022222220222
20200020200020002000202000200020000020002000200000200000000020002
20222020202020222020202222202222222220222020222220202222222220202
20200000202020000020200020002020000000200020200020000020000020202
20202222202220222222222020222020222220202222202022222220222022202
20002000200000200000002020002000002000200000002000000000200020002
20222020222220202222202022202220222020222222222222222222202220222
20002020000020202000000000200020200020002000200000000020002020002
22202022222022202222222222222022202222202220202220222220222020202
20202000002000200020000000002000200000200000200020200000200020202
20202222202220222020222222202220222220222222202220202222202220202
20002000002020002020200000200000200000200000002000200020200000202
20222022222022202020202022222222202222202222222022222020202222202
20200020000020000020202000000020200020002020000020000020000020002
20202220222220222220202220222020202020222020222020222222222220222
20202000200000200000202020200000202000200020200020002000000020002
20202020202222202222202020222222202222222020202222222022222022202
20202020200020200020000020002000202000000020202000000020002000002
20202020222020222020222220202020202022202020222020222222202222202
20202020200000200020200020202020202020002020200020002000200000002
20202220202222202220202020202020202020202220202222202020222222202
20200020002000002000202020200020002020202000200020200020000000202
20222022222022222022202022202222222220222020222020222222222220202
20002000000020200020002000200000000020200020200020000000200000202
22202222222220202220222220222222222020202220202220222220202222202
20002000000020002020002020200000002000200020200000200020200020202
20222022202020222022202020202222222022222020222022202022222020202
20002000202020000000202000200000000020000020002020002000002020002
22202022202022222220202022202222222020222222222020222222202020222
20002020002000002000202020000020002020200000200020200000000020002
20222220222222202222202022222220202220202220202220222222222222202
20200000200020002000002000200000200000200020000020000000002000002
20202222222020222022222220202220222222222022222222202222202222222
20002000000020002000200020002000200020002000002000200000200000002
22222020222022202020202222222022202020202222202020202222202222202
20002020200020002020202000000020002000200000002020202000200020002
20222020222220222220202022222220222222222220222020222020222020202
20002020000000200000200000000020002000000020002020000020200020202
22202022222222202222222222222220222022222022202022222220222220202
20002000002020002000000000200020200020002020002000000020002000202
20202222202020202022222220202020202222202022222220222022202022222
20202000202000200000000020002000200020002000000020202000202000002
20202022202220222222222220222222222020222222222020202220202222202
20202000200020200000200020200000000020000000200020002020200000202
20202220222022202220202022202222222220222020202222202020222220202
20200000200020002020002000002000000000002020200000200020202000202
20222222202220222022222222222222222222222020222220222220202022202
20200000202000002000200000200000000000200020000020002000200000202
20202220202022202020202220202022222220202222222022202022222220202
20202020002020002020200020002000000020002000002020002020000020002
20202022222220222020222022222222222022222022222020222020222022202
20200000200020202020002020000000002020000000000020200000002020002
20222220202020202020222022222220202022222222222220222222222020222
20000000002000200020000000000000202000000000000000000000000020003
22222222222222222222222222222222222222222222222222222222222222222